./pre_img/Axy/IMG20180611110844.png 2120 1312 2967 2343
./pre_img/Axy/IMG20180926190131.png 1258 506 1815 1264
./pre_img/Axy/IMG20180611101657.png 2056 945 2986 2098
./pre_img/Axy/IMG-20190319-WA0016.png 168 142 392 449
./pre_img/Axy/IMG_20180525_173611.png 599 262 1188 970
./pre_img/Axy/IMG-20190319-WA0022.png 374 810 400 838
./pre_img/Axy/DSC03913.png 1102 102 2719 2205
./pre_img/Axy/IMG-20190319-WA0020.png 478 68 834 483
./pre_img/Axy/IMG-20190319-WA0027.png 261 228 409 421
./pre_img/Axy/IMG20180611121518.png 2670 1687 2763 1792
./pre_img/Axy/DSC03941.png 2099 772 2749 1495
./pre_img/Axy/IMG-20190319-WA0028.png 443 252 605 436
./pre_img/Axy/IMG20180611120837.png 2885 600 3813 1728
./pre_img/Axy/1.png 382 187 514 354
./pre_img/Axy/IMG-20190319-WA0017.png 83 98 192 234
./pre_img/Axy/IMG-20190319-WA0023.png 380 202 478 335
./pre_img/Axy/Akshayraj.png 84 79 190 218
./pre_img/Axy/N 899a L.png 1791 703 2343 1449
./pre_img/Axy/IMG-20190319-WA0025.png 518 236 570 306
./pre_img/Axy/DSC03933.png 1130 612 2716 2622
./pre_img/Axy/IMG-20190319-WA0021.png 487 59 875 532
./pre_img/Axy/N 899 L.png 1211 1363 2088 2482
./pre_img/Axy/aboutme2.png 726 691 1568 1829
./pre_img/Axy/IMG-20190319-WA0026.png 332 171 536 420
./pre_img/Axy/IMG20180525165618.png 1899 671 3042 2120
./pre_img/Axy/IMG20181106110653 (1).png 983 513 1366 1003
./pre_img/Axy/IMG-20190319-WA0029.png 71 160 335 469
